97,3
97,4
71,8
71,7
71,6
71,5
69,1377
69,1348
69,1347
69,1344
69,1049
69,1047
69,1045
69,1044
69,1042
69,1041
69,1039
69,1037
69,1036
69,1034
69,1033
69,1031
69,1029
69,1028
69,1026
69,1025
69,895
69,894
69,892
69,890
69,889
69,887
69,886
69,884
69,882
69,881
69,879
69,878
69,876
69,875
69,873
69,871
69,870
69,868
69,867
69,865
69,863
69,862
69,860
69,859
69,857
69,856
69,854
69,852
69,851
69,849
69,848
69,846
69,844
69,843
69,841
69,840
69,838
69,837
69,835
69,833
69,832
69,830
69,829
69,827
69,825
69,824
69,822
69,821
69,819
69,817
69,816
69,814
69,813
69,811
69,810
69,808
69,806
69,805
69,803
69,802
69,800
69,798
69,797
69,795
69,794
69,792
69,791
69,789
69,787
69,786
69,784
69,783
69,781
69,779
69,778
69,776
69,775
69,773
69,772
69,770
69,768
69,703
69,701
69,700
69,698
69,696
69,695
69,693
69,692
69,690
69,688
69,687
69,685
69,684
69,682
69,681
69,679
69,677
69,676
69,674
69,673
69,671
69,669
69,668
69,666
69,665
69,663
69,662
69,660
69,658
69,657
69,655
69,654
69,652
69,650
69,649
69,647
69,646
69,644
69,643
69,641
69,575
69,574
69,572
69,571
69,569
69,567
69,566
69,564
69,563
69,561
69,559
69,558
69,556
69,555
69,553
69,552
69,550
69,548
69,547
69,545
69,544
69,542
69,540
69,539
69,537
69,536
69,534
69,533
69,531
69,529
69,528
69,526
69,525
69,523
69,521
69,520
69,518
69,517
69,515
69,514
69,512
69,446
69,445
69,443
69,442
69,440
69,438
69,437
69,435
69,434
69,432
69,431
69,429
69,427
69,426
69,424
69,423
69,421
69,419
69,418
69,416
69,415
69,413
69,411
69,410
69,408
69,407
69,405
69,404
69,402
69,400
69,399
69,397
69,396
69,394
69,392
69,391
69,389
69,388
69,386
69,385
69,319
69,317
69,316
69,314
69,313
69,311
69,309
69,308
69,306
69,305
69,274
69,272
69,269
69,266
69,264
69,261
69,258
69,127
69,125
69,122
69,119
69,117
69,114
69,111
69,108
69,106
69,103
69,100
69,98
69,95
69,92
69,89
69,87
69,84
69,81
69,79
69,76
69,73
69,71
69,68
69,65
69,60
69,56
69,52
69,46
69,43
69,35
69,30
69,26
69,21
69,16
69,10
69,6
69,3
69,1376
69,1375
69,1374
69,1373
69,1372
69,1371
69,1370
69,1369
69,1368
69,1367
69,1366
69,1365
69,1364
69,1363
69,1362
69,1361
69,1360
69,1359
69,1358
69,1357
69,1356
69,1355
69,1354
69,1353
69,1352
69,1351
69,1350
69,1349
69,1346
69,1345
69,1279
69,1278
69,1277
69,1276
69,1275
69,1274
69,1273
69,1272
69,1271
69,1270
69,1269
69,1268
69,1267
69,1266
69,1265
69,1264
69,1263
69,1262
69,1261
69,1260
69,1259
69,1258
69,1257
69,1256
69,1255
69,1254
69,1253
69,1252
69,1251
69,1250
69,1249
69,1248
69,1247
69,1246
69,1245
69,1244
69,1243
69,1242
69,1241
69,1240
69,1239
69,1238
69,1237
69,1236
69,1235
69,1234
69,1233
69,1232
69,1231
69,1230
69,1229
69,1228
69,1227
69,1226
69,1225
69,1224
69,1223
69,1222
69,1221
69,1220
69,1219
69,1218
69,1217
69,1216
69,1215
69,1214
69,1213
69,1212
69,1211
69,1210
69,1209
69,1208
69,1207
69,1206
69,1205
69,1204
69,1203
69,1202
69,1201
69,1200
69,1199
69,1198
69,1197
69,1196
69,1195
69,1194
69,1193
69,1192
69,1191
69,1190
69,1189
69,1188
69,1187
69,1186
69,1185
69,1184
69,1183
69,1182
69,1181
69,1180
69,1179
69,1178
69,1177
69,1176
69,1175
69,1174
69,1173
69,1172
